25 331
113 567
103 583
455 480
317 392
445 422
-54 305
103 583
102 657
251 525
108 394
317 392
489 435
445 422
484 425
-54 305
102 657
15 812
271 824
357 1039
15 812
395 899
603 1028
357 1039
642 905
826 1043
603 1028
826 1043
802 815
891 1043
891 1043
853 830
950 909
891 1043
974 960
969 1043
974 960
1087 1038
969 1043
1091 980
1238 1036
1087 1038
1238 1036
1289 884
1319 1028
1289 884
1457 1019
1319 1028
1457 1019
1543 867
1577 1032
1543 867
1628 1053
1577 1032
1746 1032
1643 1076
1628 1053
1775 1064
1672 1242
1643 1076
1672 1242
1760 1378
1677 1378
1760 1378
1687 1426
1677 1378
1687 1426
1732 1455
1705 1456
67 1111
-72 1197
15 812
69 1481
-25 1671
-72 1197
56 1839
69 2020
-25 1671
446 1890
3025 1980
69 2020
3025 1980
3376 1979
3600 2189
3187 1852
3355 1865
3376 1979
3355 1865
3326 1712
3370 1728
223 1499
476 1478
222 1597
476 1478
269 1609
222 1597
476 1478
367 1610
269 1609
476 1478
287 1398
335 1339
476 1478
695 1427
669 1625
695 1427
1051 1553
669 1625
1012 1412
1393 1362
1051 1553
1393 1362
1490 1179
1505 1191
1393 1362
1520 1438
1289 1524
1520 1438
1334 1540
1289 1524
1534 1516
1357 1567
1334 1540
1559 1617
1383 1631
1357 1567
1579 1635
1386 1720
1383 1631
1386 1720
1392 1769
1385 1743
1595 1767
2315 1634
2331 1767
2315 1634
2635 1766
2331 1767
2315 1634
2594 1471
2610 1558
2549 1182
2609 1399
2594 1471
2596 1173
2628 1376
2609 1399
2727 1132
2671 1420
2628 1376
2774 1100
3071 1384
2671 1420
3034 1107
2810 1047
3006 1026
3006 1026
2857 869
2979 868
2979 868
2898 718
2979 721
2979 721
2902 698
2981 701
3071 1384
3076 1150
3100 1384
3100 1384
3128 1168
3147 1382
3147 1382
3406 1166
3419 1383
3406 1166
3625 1394
3419 1383
3964 1166
3939 1448
3625 1394
3419 1383
3508 1422
3494 1422
3939 1448
3835 1524
3625 1394
4016 1156
4037 1443
3939 1448
4060 1134
4082 1402
4037 1443
4082 1402
4228 1102
4310 1388
4310 1388
4282 1142
4352 1379
4352 1379
4370 1172
4434 1370
4434 1370
4450 1174
4504 1363
4504 1363
4494 1160
4629 1355
4629 1355
4619 1053
5252 1168
5252 1168
4704 930
5291 1034
5291 1034
5130 888
5165 904
5165 904
5327 955
5291 1034
5327 955
5353 870
5372 894
5372 894
5371 865
5381 873
5130 888
4822 716
5130 768
5130 768
4906 637
5192 613
5192 613
4947 578
5191 601
5191 601
4974 517
5221 536
5221 536
5014 475
5237 493
5237 493
5079 439
5286 380
5286 380
5214 380
5289 357
5289 357
5257 355
5282 342
476 1478
669 1625
367 1610
669 1625
477 1719
367 1610
637 1730
560 1753
477 1719
787 1732
1247 1758
764 1761
1247 1758
1268 1669
1281 1761
1216 1635
1260 1640
1268 1669
2635 1766
2690 1572
2740 1767
2740 1767
2707 1571
2764 1764
2707 1571
2944 1592
2764 1764
2949 1544
2967 1567
2944 1592
4228 1102
4101 1035
4206 1029
4206 1029
4117 945
4197 947
4117 945
4197 839
4197 947
478 599
561 522
648 591
648 591
618 424
970 595
970 595
684 406
1038 408
1038 408
802 392
1082 283
802 392
927 285
1082 283
927 285
889 285
900 282
1082 283
1069 400
1038 408
802 392
1038 408
684 406
1107 282
1365 394
1069 400
1684 283
1617 401
1365 394
1852 277
1829 382
1617 401
1829 382
1855 343
1839 381
1852 277
1684 155
1863 173
1684 155
1854 82
1863 173
1665 136
1847 66
1854 82
1594 94
1875 16
1847 66
1875 16
1585 -253
1981 -305
1875 16
1981 -305
2486 -119
1585 -253
1421 59
1443 -264
1421 59
1294 -213
1443 -264
1294 -213
1340 27
829 -154
1863 173
1874 84
1907 150
1907 150
2036 99
2038 107
1617 401
1385 408
1365 394
1598 414
1390 435
1385 408
1390 435
1598 481
1335 489
1598 481
1507 595
1335 489
1335 489
1117 607
1127 491
1117 607
1106 509
1127 491
1652 515
1643 723
1507 595
1809 591
1721 822
1643 723
1796 886
1991 709
1944 998
1944 998
2093 733
2424 1072
2424 1072
2262 768
2436 1007
2436 1007
2374 781
2467 916
2467 916
2536 773
2541 781
1944 998
2185 1534
1944 1531
1968 696
1796 886
1721 822
4308 1868
4534 2041
4160 2378
4308 1868
4526 1872
4528 1914
4336 1697
4565 1748
4526 1872
4426 1591
4582 1733
4565 1748
4582 1733
4571 1517
5231 1407
5231 1407
4643 1492
5251 1310
4534 2041
4528 1914
4549 1922
4549 1922
5742 2044
4534 2041
5822 1922
5847 2008
5742 2044
5924 1922
5914 1970
5847 2008
5742 2044
5847 2008
5775 2114
5347 1512
4813 1791
4813 1777
5372 1481
5939 1789
5347 1512
5372 1481
5988 1737
5971 1774
5401 1426
6032 1682
5988 1737
5404 1296
6146 1561
6032 1682
5792 919
6146 1561
5415 1096
5792 919
6409 1163
6489 1244
6492 1163
6489 1244
6409 1163
5845 918
6379 1140
6409 1163
6074 917
6349 1103
6379 1140
6088 899
6329 1059
6349 1103
6094 879
6280 1002
6329 1059
6204 899
6280 1002
6178 897
6266 876
6273 935
6204 899
6094 879
6167 880
6178 897
6104 853
6173 828
6167 880
6107 771
6173 828
6109 811
6093 733
6164 715
6107 771
6093 733
6152 667
6161 682
6062 712
6106 670
6152 667
6078 677
6106 670
6061 694
5415 1096
5762 904
5792 919
5541 810
5762 904
5515 830
5611 762
5739 847
5541 810
5632 732
5726 778
5611 762
5648 647
5718 734
5632 732
5657 540
5717 628
5648 647
5654 467
5736 456
5657 540
5635 343
5739 411
5654 467
5634 327
5760 366
5635 343
5586 227
5965 37
5634 327
5586 227
5566 -237
6206 -270
5412 40
5066 -235
5566 -237
7081 916
7148 959
7074 966
7074 966
7168 1010
7040 1013
7040 1013
7203 1051
7003 1033
7003 1033
7250 1073
6973 1039
7250 1073
7083 1318
6973 1039
7250 1073
7353 1267
7272 1387
7345 1078
7385 1219
7353 1267
7427 1076
7452 1145
7385 1219
7458 1070
7464 1135
7452 1145
7486 1064
7489 1100
7464 1135
6973 1039
6709 1245
6764 1129
6764 1129
6946 1033
6973 1039
6819 1062
6904 1017
6946 1033
6846 1025
6863 1008
6904 1017
6709 1245
6739 1144
6764 1129
6688 1239
6699 1156
6739 1144
6699 1156
6648 1210
6661 1160
7083 1318
6771 1309
6709 1245
7119 1529
6795 1358
6771 1309
7115 1547
6792 1420
6795 1358
7116 1584
6784 1454
6792 1420
6784 1454
7040 1671
6761 1480
6761 1480
6803 1551
6762 1495
7040 1671
6828 1616
6803 1551
6899 1710
6838 1687
6828 1616
6838 1687
6854 1711
6843 1707
7040 1671
7133 1807
6899 1710
7040 1671
7141 1623
7275 1626
7275 1626
7361 1771
7133 1807
7369 1614
7383 1633
7361 1771
7083 1318
7271 1405
7281 1450
7083 1318
7141 1520
7119 1529
7281 1450
7234 1514
7141 1520
7141 1520
7198 1531
7184 1533
7281 1450
7377 1503
7234 1514
7377 1503
7281 1450
7405 1510
7281 1450
7460 1491
7405 1510
7460 1491
7553 1425
7490 1490
7553 1425
7540 1508
7490 1490
7540 1508
7553 1425
7614 1477
7614 1477
7553 1425
7652 1489
7812 1463
7652 1489
7553 1425
7281 1450
7479 1408
7553 1425
7857 1406
7832 1479
7812 1463
7553 1425
7857 1406
7812 1463
7832 1479
7909 1668
7766 1582
7766 1582
7909 1668
7750 1591
7750 1591
7648 1771
7528 1619
7528 1619
7648 1771
7505 1616
7505 1616
7648 1771
7496 1626
7648 1771
7480 1693
7496 1626
7648 1771
7474 1782
7480 1693
7648 1771
7453 1861
7474 1782
7453 1861
7206 2151
7143 1914
7143 1914
7206 2151
7132 1968
7143 1914
7112 1941
7119 1910
7119 1910
7089 1914
7094 1903
8048 1411
7893 1284
8082 1163
8082 1163
7921 1062
8145 796
7881 1133
7888 1079
7921 1062
8145 796
7960 517
8087 232
7886 234
7816 6
8087 232
7816 6
7566 94
6705 -330
7048 623
7200 569
7171 621
6971 490
7200 569
6999 531
6897 432
7302 462
6971 490
6897 432
7218 308
7365 422
7370 347
7365 422
7218 308
7370 347
7387 360
7384 382
7072 283
7218 308
6993 321
7072 283
7133 264
7169 285
6897 432
6946 329
6993 321
6853 421
6873 331
6946 329
6828 417
6853 335
6873 331
6812 411
6806 364
6853 335
6790 409
6785 393
6806 364
4227 542
4068 576
3969 504
4227 542
4015 360
4194 348
3969 504
3969 373
4015 360
3887 449
3915 370
3969 373
3855 431
3887 370
3915 370
3837 409
3855 382
3887 370
4015 360
4170 329
4194 348
4170 329
4107 289
4142 293
4142 293
4130 285
4137 287
4227 542
4229 356
4298 489
4298 489
4283 364
4343 460
4283 364
4378 425
4343 460
4374 361
4398 396
4378 425
4392 361
4404 364
4398 396
2890 417
3022 393
3011 419
2861 402
3056 346
3022 393
2802 376
2975 215
3056 346
3056 346
3080 220
3117 285
3080 220
3123 271
3117 285
3105 224
3123 251
3123 271
2809 196
2717 343
2718 214
2718 214
2649 309
2686 212
2649 309
2665 204
2686 212
2606 285
2648 210
2665 204
2595 277
2596 263
2648 210
25 331
108 394
113 567
455 480
251 525
317 392
-54 305
25 331
103 583
251 525
113 567
108 394
489 435
455 480
445 422
102 657
133 689
15 812
133 689
140 720
15 812
140 720
271 824
15 812
271 824
395 899
357 1039
395 899
642 905
603 1028
642 905
757 832
826 1043
826 1043
757 832
802 815
891 1043
802 815
853 830
891 1043
950 909
974 960
974 960
1091 980
1087 1038
1091 980
1214 883
1238 1036
1238 1036
1214 883
1289 884
1289 884
1486 865
1457 1019
1457 1019
1486 865
1543 867
1543 867
1746 1032
1628 1053
1746 1032
1775 1064
1643 1076
1775 1064
1771 1239
1672 1242
1672 1242
1771 1239
1760 1378
1760 1378
1746 1445
1687 1426
1687 1426
1746 1445
1732 1455
15 812
357 1039
195 1040
195 1040
67 1111
15 812
67 1111
53 1138
-72 1197
-72 1197
53 1138
52 1227
52 1227
88 1260
-72 1197
88 1260
102 1419
-72 1197
102 1419
69 1481
-72 1197
69 1481
54 1609
-25 1671
54 1609
56 1839
-25 1671
56 1839
124 1888
69 2020
124 1888
367 1871
69 2020
69 2020
367 1871
446 1890
446 1890
2919 1887
3025 1980
2919 1887
2967 1860
3025 1980
2967 1860
3187 1852
3025 1980
3187 1852
3376 1979
3025 1980
3187 1852
3233 1790
3355 1865
3355 1865
3233 1790
3326 1712
223 1499
287 1398
476 1478
335 1339
518 1286
476 1478
518 1286
584 1318
476 1478
476 1478
584 1318
695 1427
695 1427
1012 1412
1051 1553
1012 1412
1375 1178
1393 1362
1393 1362
1375 1178
1490 1179
1393 1362
1505 1191
1514 1373
1393 1362
1514 1373
1520 1438
1393 1362
1289 1524
1051 1553
1520 1438
1534 1516
1334 1540
1534 1516
1559 1617
1357 1567
1559 1617
1579 1635
1383 1631
1579 1635
1595 1767
1386 1720
1386 1720
1595 1767
1392 1769
1595 1767
1579 1635
2315 1634
2315 1634
2610 1558
2635 1766
2315 1634
2549 1182
2594 1471
2549 1182
2596 1173
2609 1399
2596 1173
2727 1132
2628 1376
2727 1132
2774 1100
2671 1420
2774 1100
3034 1107
3071 1384
3034 1107
2774 1100
2810 1047
3006 1026
2810 1047
2857 869
2979 868
2857 869
2898 718
2979 721
2898 718
2902 698
3071 1384
3034 1107
3076 1150
3100 1384
3076 1150
3128 1168
3147 1382
3128 1168
3406 1166
3406 1166
3964 1166
3625 1394
3964 1166
4016 1156
3939 1448
3419 1383
3625 1394
3508 1422
3939 1448
3860 1522
3835 1524
4016 1156
4060 1134
4037 1443
4060 1134
4074 1109
4082 1402
4082 1402
4074 1109
4228 1102
4310 1388
4228 1102
4282 1142
4352 1379
4282 1142
4370 1172
4434 1370
4370 1172
4450 1174
4504 1363
4450 1174
4494 1160
4629 1355
4494 1160
4619 1053
5252 1168
4619 1053
4704 930
5291 1034
4704 930
5130 888
5165 904
5284 883
5327 955
5327 955
5284 883
5353 870
5372 894
5353 870
5371 865
5130 888
4704 930
4822 716
5130 768
4822 716
4906 637
5192 613
4906 637
4947 578
5191 601
4947 578
4974 517
5221 536
4974 517
5014 475
5237 493
5014 475
5079 439
5286 380
5079 439
5214 380
5289 357
5214 380
5257 355
669 1625
637 1730
477 1719
637 1730
620 1757
560 1753
787 1732
1216 1635
1247 1758
1247 1758
1216 1635
1268 1669
1216 1635
1247 1631
1260 1640
2635 1766
2610 1558
2690 1572
2740 1767
2690 1572
2707 1571
2707 1571
2949 1544
2944 1592
2949 1544
2965 1545
2967 1567
4228 1102
4074 1109
4101 1035
4206 1029
4101 1035
4117 945
4117 945
4114 838
4197 839
478 599
470 592
561 522
648 591
561 522
618 424
970 595
618 424
684 406
802 392
842 337
927 285
927 285
842 337
889 285
1082 283
1107 282
1069 400
1107 282
1684 283
1365 394
1684 283
1852 277
1617 401
1852 277
1853 332
1829 382
1829 382
1853 332
1855 343
1852 277
1684 283
1684 155
1684 155
1665 136
1854 82
1665 136
1594 94
1847 66
1594 94
1504 77
1875 16
1875 16
1504 77
1585 -253
1585 -253
1504 77
1421 59
1421 59
1340 27
1294 -213
1863 173
1854 82
1874 84
1907 150
1874 84
2036 99
1617 401
1598 414
1385 408
1390 435
1598 414
1598 481
1598 481
1652 515
1507 595
1335 489
1507 595
1117 607
1117 607
1074 602
1106 509
1652 515
1809 591
1643 723
1809 591
1968 696
1721 822
1796 886
1979 702
1991 709
1944 998
1991 709
2093 733
2424 1072
2093 733
2262 768
2436 1007
2262 768
2374 781
2467 916
2374 781
2536 773
1944 998
2424 1072
2185 1534
1968 696
1979 702
1796 886
4308 1868
4528 1914
4534 2041
4308 1868
4336 1697
4526 1872
4336 1697
4426 1591
4565 1748
4426 1591
4492 1528
4582 1733
4582 1733
4492 1528
4571 1517
5231 1407
4571 1517
4643 1492
4549 1922
5822 1922
5742 2044
5822 1922
5924 1922
5847 2008
5924 1922
5929 1928
5914 1970
5347 1512
5939 1789
4813 1791
5372 1481
5971 1774
5939 1789
5372 1481
5401 1426
5988 1737
5401 1426
5404 1296
6032 1682
5404 1296
5415 1096
6146 1561
5792 919
6489 1244
6146 1561
5792 919
5845 918
6409 1163
6492 1163
6502 1226
6489 1244
5845 918
6074 917
6379 1140
6074 917
6088 899
6349 1103
6088 899
6094 879
6329 1059
6094 879
6178 897
6280 1002
6204 899
6273 935
6280 1002
6266 876
6272 880
6273 935
6094 879
6104 853
6167 880
6104 853
6109 811
6173 828
6107 771
6164 715
6173 828
6093 733
6161 682
6164 715
6093 733
6062 712
6152 667
6062 712
6061 694
6106 670
6078 677
6086 673
6106 670
5415 1096
5515 830
5762 904
5541 810
5739 847
5762 904
5611 762
5726 778
5739 847
5632 732
5718 734
5726 778
5648 647
5717 628
5718 734
5657 540
5736 456
5717 628
5654 467
5739 411
5736 456
5635 343
5760 366
5739 411
5634 327
5965 37
5760 366
5586 227
6206 -270
5965 37
5586 227
5505 126
5566 -237
5505 126
5412 40
5566 -237
7081 916
7140 911
7148 959
7074 966
7148 959
7168 1010
7040 1013
7168 1010
7203 1051
7003 1033
7203 1051
7250 1073
7250 1073
7272 1387
7083 1318
7250 1073
7345 1078
7353 1267
7345 1078
7427 1076
7385 1219
7427 1076
7458 1070
7452 1145
7458 1070
7486 1064
7464 1135
7486 1064
7493 1072
7489 1100
6973 1039
7083 1318
6709 1245
6764 1129
6819 1062
6946 1033
6819 1062
6846 1025
6904 1017
6846 1025
6856 1010
6863 1008
6709 1245
6688 1239
6739 1144
6688 1239
6651 1234
6699 1156
6699 1156
6651 1234
6648 1210
7083 1318
7119 1529
6771 1309
7119 1529
7115 1547
6795 1358
7115 1547
7116 1584
6792 1420
7116 1584
7141 1623
6784 1454
6784 1454
7141 1623
7040 1671
6761 1480
7040 1671
6803 1551
7040 1671
6899 1710
6828 1616
6899 1710
6869 1711
6838 1687
6838 1687
6869 1711
6854 1711
7040 1671
7275 1626
7133 1807
7275 1626
7369 1614
7361 1771
7369 1614
7378 1620
7383 1633
7083 1318
7272 1387
7271 1405
7083 1318
7281 1450
7141 1520
7141 1520
7234 1514
7198 1531
7271 1405
7303 1407
7281 1450
7281 1450
7553 1425
7460 1491
7281 1450
7303 1407
7479 1408
7857 1406
7873 1387
7832 1479
7553 1425
7479 1408
7857 1406
7873 1387
8048 1411
7832 1479
7832 1479
8048 1411
7909 1668
7750 1591
7909 1668
7648 1771
7453 1861
7648 1771
7206 2151
7143 1914
7132 1968
7112 1941
7119 1910
7112 1941
7089 1914
8048 1411
7873 1387
7885 1354
8048 1411
7885 1354
7893 1284
8082 1163
7893 1284
7891 1198
7891 1198
7881 1133
8082 1163
8082 1163
7881 1133
7921 1062
7881 1133
7875 1104
7888 1079
8145 796
7921 1062
7935 1002
8145 796
7935 1002
7936 865
7936 865
7926 765
8145 796
8145 796
7926 765
7925 693
7925 693
7912 638
8145 796
8145 796
7912 638
7914 602
8145 796
7914 602
7951 558
8145 796
7951 558
7960 517
7960 517
7950 374
8087 232
7950 374
7931 289
8087 232
7931 289
7912 253
8087 232
7912 253
7886 234
8087 232
7886 234
7734 168
7816 6
7734 168
7566 94
7816 6
7048 623
6999 531
7200 569
6971 490
7302 462
7200 569
6897 432
7365 422
7302 462
6897 432
6993 321
7218 308
7370 347
7384 382
7365 422
7370 347
7378 348
7387 360
7072 283
7169 285
7218 308
7072 283
7101 262
7133 264
6897 432
6853 421
6946 329
6853 421
6828 417
6873 331
6828 417
6812 411
6853 335
6812 411
6790 409
6806 364
6790 409
6781 400
6785 393
4227 542
4201 584
4068 576
4227 542
3969 504
4015 360
3969 504
3887 449
3969 373
3887 449
3855 431
3915 370
3855 431
3837 409
3887 370
3837 409
3838 399
3855 382
4015 360
4061 320
4170 329
4170 329
4061 320
4107 289
4142 293
4107 289
4130 285
4227 542
4194 348
4229 356
4298 489
4229 356
4283 364
4283 364
4374 361
4378 425
4374 361
4392 361
4398 396
4392 361
4402 361
4404 364
2890 417
2861 402
3022 393
2861 402
2802 376
3056 346
2802 376
2809 196
2975 215
3056 346
2975 215
3080 220
3080 220
3105 224
3123 271
3105 224
3115 228
3123 251
2809 196
2802 376
2717 343
2718 214
2717 343
2649 309
2649 309
2606 285
2665 204
2606 285
2595 277
2648 210
2595 277
2593 271
2596 263
