1228 459
1310 459
1146 459
1637 159
1556 159
1556 241
1637 241
1592 1397
1592 1234
1592 1152
1592 1316
1592 1479
913 1666
831 1682
1077 1633
1159 1617
995 1649
1736 506
1821 539
1650 473
7253 1587
7334 1587
7171 1587
7638 1561
7721 1551
7555 1571
7442 1664
7442 1746
7442 1582
3789 1670
3708 1670
3708 1752
3789 1752
3789 1670
3789 1752
3871 1752
3871 1670
3871 1670
3871 1752
3953 1752
3953 1670
2784 1449
2702 1449
2702 1531
2784 1531
4756 1410
5002 1337
4920 1361
4838 1386
4674 1435
4121 140
4121 221
4121 58
5904 795
5822 795
5822 877
5904 877
5904 795
5904 877
5986 877
5986 795
5904 795
5986 795
5986 713
5904 713
5822 795
5904 795
5904 713
5822 713
7883 861
7883 943
7883 1025
7883 779
5413 194
5331 276
5372 235
