1027 943
1082 998
1003 995
-12 709
331 661
340 709
331 661
383 707
340 709
380 646
405 706
383 707
426 646
457 727
405 706
495 686
552 820
457 727
632 860
552 820
592 793
632 860
784 975
599 894
797 927
832 971
784 975
879 941
832 971
833 922
879 941
907 987
879 988
940 942
907 987
901 932
940 942
1003 995
937 988
1552 -4
1365 20
1352 -12
743 22
871 8
873 44
1134 8
873 44
871 8
1231 -15
1154 42
1134 8
1352 -12
1241 14
1231 -15
741 -6
319 78
299 40
259 120
319 78
312 110
996 226
1062 184
1056 232
936 240
1000 165
996 226
899 268
891 158
936 240
829 255
852 133
899 268
733 117
731 251
644 129
676 376
731 251
725 403
625 306
644 129
676 376
535 295
565 128
625 306
427 334
503 147
535 295
347 132
259 120
312 110
427 334
321 358
347 132
-8 430
45 409
30 445
45 409
149 431
30 445
150 394
250 421
149 431
244 382
335 397
250 421
829 558
861 673
810 572
861 673
950 579
1018 701
1018 701
1160 522
1049 722
1245 347
1224 286
1238 293
1245 347
1146 447
1175 332
1315 470
1160 522
1146 447
1589 650
1490 540
1578 538
1338 792
1490 540
1498 670
1160 522
1152 761
1049 722
1152 761
1306 840
1135 786
1135 786
1305 900
1045 819
1045 819
1260 1005
1015 851
1431 1000
1260 1005
1305 900
1742 272
1780 333
1728 305
1851 248
1780 333
1787 247
1908 201
1882 352
1851 248
2023 323
1947 212
2036 259
2010 210
2036 259
1947 212
2249 785
2329 729
2291 840
2332 610
2218 683
2250 501
2314 487
2250 501
2288 467
2929 82
3007 38
2979 218
3007 38
2976 -17
3062 -7
2895 12
2929 82
2894 80
2811 48
2895 12
2894 80
2637 7
2811 48
2640 94
2533 683
2576 675
2555 724
2550 608
2587 504
2576 675
2524 504
2628 417
2587 504
2543 274
2611 312
2628 417
2517 83
2633 192
2611 312
2637 7
2517 83
2415 -11
3866 1007
3906 881
3971 1004
3904 779
3831 885
3838 770
3853 684
3904 779
3838 770
3894 615
3853 684
3821 621
3658 695
3821 621
3853 684
3547 639
3658 695
3541 698
3393 619
3541 698
3383 681
3349 643
3393 619
3383 681
3320 592
3349 643
3319 648
3277 653
3319 648
3303 684
3265 733
3303 684
3301 744
3275 850
3301 744
3317 864
3253 887
3317 864
3264 929
3134 923
3253 887
3264 929
3048 898
3147 875
3134 923
2911 884
3048 898
2907 948
2877 590
2812 634
2830 480
2707 947
2856 985
2677 1014
2830 480
2869 469
2877 590
2907 948
2880 834
2911 884
2711 850
2880 834
2707 947
2779 639
2812 634
2776 670
2812 634
2880 834
2776 670
2776 670
2880 834
2751 703
1578 538
1658 606
1589 650
4471 493
4524 464
4539 521
4471 493
4416 432
4485 417
4344 406
4485 417
4416 432
4289 294
4260 396
4230 279
4081 284
4260 396
4021 424
3968 241
4021 424
3867 347
3943 203
3867 347
3771 337
3700 294
3943 203
3771 337
3661 225
3700 294
3654 283
3617 234
3654 283
3584 296
3533 108
3617 234
3584 296
3551 59
3533 108
3491 76
3496 -14
3551 59
3491 76
3950 166
3919 79
3997 122
3997 122
4125 34
4172 82
4172 82
4426 11
4417 63
4765 88
4426 11
4775 52
4765 88
4959 103
4969 149
4969 149
5070 75
5093 111
5093 111
5355 138
5325 177
5414 303
5355 138
5530 215
5812 442
5774 349
5820 374
5675 351
5606 487
5527 469
5572 314
5527 469
5448 442
5572 314
5429 411
5567 234
5414 303
5567 234
5429 411
5643 141
5530 215
5621 105
5643 141
5826 44
5851 85
5908 -6
5826 44
5871 -18
4070 1019
4112 954
4120 1012
4066 926
4112 954
4058 962
4107 870
4126 927
4066 926
4155 812
4107 870
4114 802
4152 758
4114 802
4103 746
4122 693
4152 758
4103 746
4141 687
4167 712
4122 693
4196 630
4195 689
4141 687
4245 610
4237 660
4196 630
4289 714
4285 635
4339 692
4395 714
4289 714
4339 692
4395 714
4385 856
4299 859
4452 679
4448 860
4385 856
4543 761
4448 860
4487 676
4543 761
4552 854
4489 870
4578 718
4618 865
4552 854
4591 703
4659 849
4618 865
4596 670
4680 643
4659 849
4612 627
4684 623
4680 643
4604 609
4676 594
4684 623
4621 520
4676 594
4608 579
4621 520
4695 501
4691 534
4612 495
4696 456
4695 501
4760 479
4695 501
4696 456
4760 479
4877 524
4759 523
4903 490
4877 524
4881 482
4892 567
4877 524
4903 519
4900 615
4866 573
4892 567
4880 624
4833 604
4866 573
4839 660
4752 690
4833 604
4718 814
4752 690
4775 726
4680 643
4718 814
4659 849
4299 859
4213 898
4289 714
4277 894
4229 943
4213 898
4288 908
4337 966
4229 943
4395 931
4597 984
4337 966
4653 939
4597 984
4600 930
4653 939
4752 971
4650 993
4755 918
4827 973
4752 971
4898 941
4827 973
4831 919
4955 981
4895 995
4898 941
5013 992
4951 1012
4955 981
9004 634
8961 793
8934 647
8866 876
8713 901
8839 773
8713 901
8601 1026
8574 941
8574 941
8478 1022
8450 938
8450 938
8351 1001
8285 911
8285 911
8226 1010
8195 920
8226 1010
8160 999
8195 920
8961 793
8839 773
8934 647
8273 679
8245 617
8278 615
8865 310
8785 399
8751 328
8969 427
9008 379
9011 423
8751 328
8757 412
8718 320
8757 412
8686 367
8718 320
8721 428
8674 413
8686 367
8707 470
8669 462
8674 413
8685 534
8620 502
8669 462
8620 502
8572 542
8567 475
8567 475
8520 546
8522 435
8923 345
8880 219
8985 228
8724 59
8577 82
8685 0
8577 82
8572 154
8541 86
8854 52
8724 59
8685 0
8880 219
8854 52
8985 228
8572 154
8517 112
8541 86
8517 112
8489 177
8479 115
8479 115
8464 164
8455 102
8455 102
8353 123
8344 60
8344 60
8305 114
8309 36
8309 36
8164 -9
8154 -71
8522 435
8436 553
8428 399
8428 399
8407 555
8415 379
8407 555
8298 377
8415 379
8307 562
8276 423
8298 377
8298 377
8265 402
8273 372
8276 423
8237 537
8229 465
8788 483
8842 519
8814 545
8755 556
8809 584
8786 610
8640 659
8730 739
8657 797
8583 662
8514 817
8517 666
8442 670
8514 817
8450 829
8401 672
8317 769
8313 677
8899 403
8969 427
8925 461
8772 519
8814 545
8809 584
8712 655
8786 610
8730 739
8583 662
8657 797
8596 819
8442 670
8394 822
8401 672
8273 679
8317 769
8272 780
8273 679
8238 754
8241 681
8805 442
8925 461
8842 519
8245 617
8162 631
8237 537
8237 537
8126 592
8229 465
8126 592
8206 472
8229 465
8079 590
8048 468
8206 472
7990 571
7997 449
8048 468
7750 472
7837 441
7815 529
7668 785
7695 708
7719 713
7763 718
7825 740
7786 772
7786 772
7719 713
7763 718
7762 421
7717 411
7724 397
7924 589
7837 441
7997 449
7650 779
7612 708
7695 708
7394 781
7523 674
7612 708
7350 693
7383 554
7523 674
7383 554
7286 586
7378 529
7286 586
7347 512
7378 529
7261 544
7283 446
7347 512
7204 502
7264 385
7283 446
7138 471
7187 371
7264 385
7264 385
7289 242
7334 256
7289 242
7344 199
7334 256
7344 199
7340 168
7377 187
7377 187
7425 156
7436 196
7425 156
7513 139
7436 196
7502 98
7590 34
7513 139
7571 3
7655 -5
7590 34
7057 456
7097 371
7187 371
7034 446
7041 351
7097 371
6989 416
6998 453
6985 447
7097 371
7062 315
7119 336
7062 315
7100 293
7119 336
7100 293
7093 219
7152 239
7152 239
7090 177
7118 115
7090 177
7094 114
7118 115
7094 114
7007 135
7034 73
7007 135
6902 55
7034 73
6882 110
6770 86
6902 55
6778 149
6847 176
6826 183
6770 86
6719 135
6711 71
6711 71
6690 103
6682 40
6690 103
6638 63
6682 40
6646 127
6599 135
6638 63
6644 159
6564 212
6599 135
6599 135
6539 212
6455 159
6455 159
6491 242
6408 190
6491 242
6378 241
6408 190
6462 293
6389 284
6378 241
6472 336
6404 412
6389 284
6447 422
6514 376
6455 428
6514 376
6499 432
6455 428
6499 432
6546 450
6540 459
6404 412
6337 318
6389 284
6337 318
6316 422
6290 313
6290 313
6233 213
6337 318
6244 282
6172 248
6233 213
6172 248
6077 319
6096 235
6220 326
6096 343
6077 319
6199 348
6154 450
6096 343
6096 235
6168 212
6172 248
6099 210
6133 190
6168 212
6058 184
6137 171
6133 190
6137 171
6104 97
6186 105
6104 97
6167 80
6186 105
6167 80
6113 37
6195 45
6113 37
6178 -16
6195 45
6523 951
6490 1010
6441 983
6441 983
6453 925
6523 951
6371 957
6324 824
6453 925
6242 856
6329 780
6324 824
6167 595
6375 696
6329 780
6375 696
6423 525
6480 596
6480 596
6449 522
6505 539
6167 595
6150 884
6051 628
6051 628
6081 866
6007 666
6081 866
5991 719
6007 666
5991 719
5934 886
5883 741
5934 886
5860 768
5883 741
5911 893
5836 771
5860 768
5886 914
5823 791
5836 771
5843 916
5778 817
5823 791
5781 954
5730 864
5778 817
5781 954
5734 975
5728 949
5734 975
5756 1013
5703 1009
5728 949
5703 876
5730 864
5703 876
5682 937
5664 876
5664 876
5633 927
5627 886
5627 886
5602 902
5601 887
5293 933
5193 1017
5143 935
5143 935
5279 884
5293 933
5157 877
5106 896
5106 877
5157 877
5261 779
5279 884
5139 773
5256 674
5261 779
5186 645
5259 546
5256 674
5189 564
5193 436
5259 546
5133 461
5188 383
5193 436
5053 444
5094 511
5075 511
5188 383
5110 238
5184 283
5184 283
5246 336
5188 383
5053 444
5001 258
5110 238
5001 258
5028 214
5110 238
5001 258
4861 346
4863 267
4861 346
4776 270
4863 267
4725 346
4626 259
4776 270
4561 290
4474 217
4626 259
4474 217
4434 219
4442 208
-12 709
-12 654
331 661
331 661
380 646
383 707
380 646
426 646
405 706
426 646
495 686
457 727
495 686
592 793
552 820
632 860
599 894
552 820
632 860
797 927
784 975
797 927
833 922
832 971
879 941
879 988
832 971
879 941
901 932
907 987
940 942
937 988
907 987
940 942
1027 943
1003 995
743 22
741 -6
871 8
1134 8
1154 42
873 44
1231 -15
1241 14
1154 42
1352 -12
1365 20
1241 14
741 -6
743 22
319 78
259 120
299 40
319 78
996 226
1000 165
1062 184
936 240
891 158
1000 165
899 268
852 133
891 158
829 255
733 117
852 133
733 117
829 255
731 251
676 376
644 129
731 251
625 306
565 128
644 129
535 295
503 147
565 128
427 334
347 132
503 147
347 132
321 358
259 120
427 334
335 397
321 358
-8 430
-8 389
45 409
45 409
150 394
149 431
150 394
244 382
250 421
244 382
321 358
335 397
829 558
889 554
861 673
861 673
889 554
950 579
1018 701
950 579
1160 522
1245 347
1175 332
1224 286
1245 347
1315 470
1146 447
1315 470
1490 540
1160 522
1589 650
1498 670
1490 540
1338 792
1160 522
1490 540
1160 522
1338 792
1152 761
1152 761
1338 792
1306 840
1135 786
1306 840
1305 900
1045 819
1305 900
1260 1005
1742 272
1787 247
1780 333
1851 248
1882 352
1780 333
1908 201
2023 323
1882 352
2023 323
1908 201
1947 212
2249 785
2218 683
2329 729
2332 610
2329 729
2218 683
2314 487
2332 610
2250 501
2929 82
2947 25
3007 38
3007 38
2947 25
2976 -17
2895 12
2947 25
2929 82
2811 48
2824 -11
2895 12
2637 7
2824 -11
2811 48
2533 683
2550 608
2576 675
2550 608
2524 504
2587 504
2524 504
2543 274
2628 417
2543 274
2517 83
2611 312
2517 83
2640 94
2633 192
2637 7
2640 94
2517 83
3866 1007
3831 885
3906 881
3904 779
3906 881
3831 885
3853 684
3929 658
3904 779
3894 615
3929 658
3853 684
3658 695
3658 615
3821 621
3547 639
3658 615
3658 695
3393 619
3547 639
3541 698
3349 643
3350 587
3393 619
3320 592
3350 587
3349 643
3277 653
3320 592
3319 648
3265 733
3277 653
3303 684
3275 850
3265 733
3301 744
3253 887
3275 850
3317 864
3134 923
3147 875
3253 887
3048 898
3063 830
3147 875
2911 884
3063 830
3048 898
2877 590
2880 834
2812 634
2707 947
2907 948
2856 985
2830 480
2845 425
2869 469
2907 948
2707 947
2880 834
2711 850
2751 703
2880 834
2779 639
2798 614
2812 634
1578 538
1653 537
1658 606
4471 493
4485 417
4524 464
4344 406
4289 294
4485 417
4289 294
4344 406
4260 396
4081 284
4230 279
4260 396
3968 241
4081 284
4021 424
3943 203
3968 241
3867 347
3700 294
3950 166
3943 203
3661 225
3950 166
3700 294
3617 234
3661 225
3654 283
3533 108
3587 87
3617 234
3551 59
3587 87
3533 108
3496 -14
3564 -10
3551 59
3950 166
3661 225
3919 79
3997 122
3919 79
4125 34
4172 82
4125 34
4426 11
4765 88
4417 63
4426 11
4765 88
4775 52
4959 103
4969 149
4959 103
5070 75
5093 111
5070 75
5355 138
5414 303
5325 177
5355 138
5812 442
5606 487
5774 349
5675 351
5774 349
5606 487
5572 314
5675 351
5527 469
5572 314
5448 442
5429 411
5414 303
5530 215
5567 234
5643 141
5567 234
5530 215
5643 141
5621 105
5826 44
5908 -6
5851 85
5826 44
4070 1019
4058 962
4112 954
4066 926
4126 927
4112 954
4107 870
4151 882
4126 927
4155 812
4151 882
4107 870
4152 758
4155 812
4114 802
4122 693
4167 712
4152 758
4141 687
4195 689
4167 712
4196 630
4237 660
4195 689
4245 610
4285 635
4237 660
4289 714
4237 660
4285 635
4395 714
4299 859
4289 714
4395 714
4452 679
4385 856
4452 679
4487 676
4448 860
4543 761
4489 870
4448 860
4543 761
4578 718
4552 854
4578 718
4591 703
4618 865
4591 703
4596 670
4659 849
4596 670
4612 627
4680 643
4612 627
4604 609
4684 623
4604 609
4608 579
4676 594
4621 520
4691 534
4676 594
4621 520
4612 495
4695 501
4612 495
4610 455
4696 456
4760 479
4759 523
4695 501
4760 479
4881 482
4877 524
4903 490
4903 519
4877 524
4892 567
4866 573
4877 524
4900 615
4880 624
4866 573
4880 624
4839 660
4833 604
4839 660
4775 726
4752 690
4718 814
4714 664
4752 690
4680 643
4714 664
4718 814
4299 859
4277 894
4213 898
4277 894
4288 908
4229 943
4288 908
4395 931
4337 966
4395 931
4600 930
4597 984
4653 939
4650 993
4597 984
4653 939
4755 918
4752 971
4755 918
4831 919
4827 973
4898 941
4895 995
4827 973
4955 981
4951 1012
4895 995
5013 992
5023 1013
4951 1012
9004 634
9073 770
8961 793
8866 876
8740 985
8713 901
8713 901
8740 985
8601 1026
8574 941
8601 1026
8478 1022
8450 938
8478 1022
8351 1001
8285 911
8351 1001
8226 1010
8226 1010
8189 1044
8160 999
8961 793
8866 876
8839 773
8273 679
8241 681
8245 617
8865 310
8923 345
8785 399
8969 427
8966 375
9008 379
8751 328
8785 399
8757 412
8757 412
8721 428
8686 367
8721 428
8707 470
8674 413
8707 470
8685 534
8669 462
8685 534
8625 539
8620 502
8620 502
8625 539
8572 542
8567 475
8572 542
8520 546
8923 345
8865 310
8880 219
8724 59
8616 141
8577 82
8577 82
8616 141
8572 154
8854 52
8810 103
8724 59
8880 219
8810 103
8854 52
8572 154
8525 176
8517 112
8517 112
8525 176
8489 177
8479 115
8489 177
8464 164
8455 102
8464 164
8353 123
8344 60
8353 123
8305 114
8309 36
8305 114
8164 -9
8522 435
8520 546
8436 553
8428 399
8436 553
8407 555
8407 555
8307 562
8298 377
8307 562
8274 565
8276 423
8298 377
8276 423
8265 402
8276 423
8274 565
8237 537
8788 483
8805 442
8842 519
8755 556
8772 519
8809 584
8640 659
8712 655
8730 739
8583 662
8596 819
8514 817
8442 670
8517 666
8514 817
8401 672
8394 822
8317 769
8899 403
8966 375
8969 427
8772 519
8788 483
8814 545
8712 655
8755 556
8786 610
8583 662
8640 659
8657 797
8442 670
8450 829
8394 822
8273 679
8313 677
8317 769
8273 679
8272 780
8238 754
8805 442
8899 403
8925 461
8245 617
8241 681
8162 631
8237 537
8162 631
8126 592
8126 592
8079 590
8206 472
8079 590
7990 571
8048 468
7990 571
7924 589
7997 449
7750 472
7762 421
7837 441
7668 785
7650 779
7695 708
7763 718
7817 716
7825 740
7786 772
7668 785
7719 713
7762 421
7750 472
7717 411
7924 589
7815 529
7837 441
7650 779
7394 781
7612 708
7394 781
7350 693
7523 674
7350 693
7293 632
7383 554
7383 554
7293 632
7286 586
7286 586
7261 544
7347 512
7261 544
7204 502
7283 446
7204 502
7138 471
7264 385
7138 471
7057 456
7187 371
7264 385
7187 371
7289 242
7289 242
7298 184
7344 199
7344 199
7298 184
7340 168
7377 187
7340 168
7425 156
7425 156
7502 98
7513 139
7502 98
7571 3
7590 34
7571 3
7644 -46
7655 -5
7057 456
7034 446
7097 371
7034 446
6989 416
7041 351
6989 416
7034 446
6998 453
7097 371
7041 351
7062 315
7062 315
7043 273
7100 293
7100 293
7043 273
7093 219
7152 239
7093 219
7090 177
7090 177
7066 175
7094 114
7094 114
7066 175
7007 135
7007 135
6882 110
6902 55
6882 110
6778 149
6770 86
6778 149
6882 110
6847 176
6770 86
6778 149
6719 135
6711 71
6719 135
6690 103
6690 103
6646 127
6638 63
6646 127
6644 159
6599 135
6644 159
6611 232
6564 212
6599 135
6564 212
6539 212
6455 159
6539 212
6491 242
6491 242
6462 293
6378 241
6462 293
6472 336
6389 284
6472 336
6447 422
6404 412
6447 422
6472 336
6514 376
6514 376
6530 405
6499 432
6499 432
6530 405
6546 450
6404 412
6364 424
6337 318
6337 318
6364 424
6316 422
6290 313
6244 282
6233 213
6244 282
6220 326
6172 248
6172 248
6220 326
6077 319
6220 326
6199 348
6096 343
6199 348
6184 461
6154 450
6096 235
6099 210
6168 212
6099 210
6058 184
6133 190
6058 184
6056 163
6137 171
6137 171
6056 163
6104 97
6104 97
6085 72
6167 80
6167 80
6085 72
6113 37
6113 37
6096 -24
6178 -16
6523 951
6601 1007
6490 1010
6441 983
6371 957
6453 925
6371 957
6242 856
6324 824
6242 856
6167 595
6329 780
6167 595
6216 552
6375 696
6375 696
6216 552
6423 525
6480 596
6423 525
6449 522
6167 595
6242 856
6150 884
6051 628
6150 884
6081 866
6081 866
6028 894
5991 719
5991 719
6028 894
5934 886
5934 886
5911 893
5860 768
5911 893
5886 914
5836 771
5886 914
5843 916
5823 791
5843 916
5781 954
5778 817
5781 954
5728 949
5730 864
5781 954
5787 979
5734 975
5734 975
5787 979
5756 1013
5728 949
5697 944
5703 876
5703 876
5697 944
5682 937
5664 876
5682 937
5633 927
5627 886
5633 927
5602 902
5293 933
5362 1008
5193 1017
5143 935
5157 877
5279 884
5157 877
5143 935
5106 896
5157 877
5139 773
5261 779
5139 773
5186 645
5256 674
5186 645
5189 564
5259 546
5189 564
5133 461
5193 436
5133 461
5053 444
5188 383
5053 444
5133 461
5094 511
5188 383
5053 444
5110 238
5184 283
5243 306
5246 336
5053 444
4992 435
5001 258
5001 258
5006 223
5028 214
5001 258
4992 435
4861 346
4861 346
4725 346
4776 270
4725 346
4561 290
4626 259
4561 290
4457 248
4474 217
4474 217
4457 248
4434 219