417 56
481 24
583 60
756 102
861 122
756 124
721 84
756 124
720 123
2223 218
2288 233
2206 237
2298 197
2373 227
2288 233
2372 192
2442 215
2373 227
2879 16
2955 -20
2965 25
2965 25
3047 -20
3045 35
3047 -20
3144 10
3045 35
3465 189
3540 202
3465 209
3540 202
3583 146
3627 194
3627 194
3660 166
3695 182
4523 121
4606 147
4506 153
4686 340
4704 278
4787 297
6364 215
6350 170
6511 212
7142 70
7284 13
7300 78
7284 13
7412 82
7300 78
7412 82
7368 -4
7483 50
3695 182
3733 145
3749 167
4704 278
4694 226
4750 219
4824 203
4900 251
4787 297
4911 215
4973 221
4900 251
6319 194
6276 226
6238 212
319 66
404 28
417 56
417 56
404 28
481 24
583 60
481 24
587 48
652 135
721 84
720 123
756 102
794 79
861 122
721 84
756 102
756 124
2223 218
2298 197
2288 233
2298 197
2372 192
2373 227
2372 192
2452 193
2442 215
2879 16
2838 -11
2955 -20
2965 25
2955 -20
3047 -20
3047 -20
3168 -13
3144 10
3465 189
3540 169
3540 202
3540 202
3540 169
3583 146
3627 194
3583 146
3660 166
4450 140
4485 108
4506 153
4506 153
4485 108
4523 121
4523 121
4594 118
4606 147
4524 327
4634 279
4686 340
4686 340
4634 279
4704 278
4704 278
4750 219
4787 297
6364 215
6319 194
6350 170
6511 212
6350 170
6527 167
6511 212
6527 167
6643 208
7284 13
7287 -18
7412 82
7412 82
7287 -18
7368 -4
3695 182
3660 166
3733 145
4750 219
4824 203
4787 297
4704 278
4681 241
4694 226
4824 203
4911 215
4900 251
6319 1946364 2156276 226